# Wavenumber (cm^-1) Intensity (arb. units)
# data taken from https://doi.org/10.1021/acs.jpca.0c03912
# extracted using WebPlotDigitizer
300.312744331509 0
332.75996872556686 0
336.278342455043 0.01754385964912264
338.72980192859006 0.03478990686593009
340.4265485188081 0.045365632445310666
342.31182250793927 0.0517110677929391
344.7626786938098 0.04959592267706281
346.83648008185406 0.04113534221355852
349.47586366663774 0.030559616634177722
351.36113765576886 0.019983891054797143
353.6234664427263 0.009408165475416563
356.63990482533615 0.0051778752436646425
361.16456239925094 0.0009475850119124996
371.1565145416462 0.0009475850119124996
377.37791870577905 0.0051778752436646425
384.73048726339056 0.0051778752436646425
389.2551448373054 0.011523310591292857
393.59127501230705 0.019983891054797143
397.92740518730875 0.030559616634177722
400.5667887720924 0.032674761750054016
404.71439154818097 0.032674761750054016
409.05052172318267 0.024214181286549508
414.3292888927499 0.013638455707168928
419.4195286634041 0.003062730127788571
425.4524054286238 0.0051778752436646425
431.48528219384355 0.0009475850119124996
435.44435757101905 0.011523310591292857
440.15754254384694 0.013638455707168928
444.3051453199355 0.019983891054797143
449.01833029276344 0.02632932640242558
452.03476867537336 0.03690505198180616
455.99384405254875 0.0517110677929391
459.3873372329849 0.07920795429932848
462.21524821668163 0.11728056638509843
464.1005222058128 0.1532380333549923
465.42021399820464 0.18496521009313405
466.7399057905965 0.2145772417153995
468.62517977972766 0.2293832575265322
470.5104537688588 0.21669238683127556
471.45309076342437 0.19131064544076226
473.33836475255555 0.1616986138184966
474.46952914603423 0.13631687242798352
475.9777483373392 0.11093513103746999
477.4859675286441 0.08766853476283276
479.3712415177753 0.06228679337231968
481.25651550690645 0.04959592267706281
483.707371692777 0.0517110677929391
484.83853608625566 0.06440193848819575
487.1008648732131 0.08978367987870906
488.609084064518 0.11093513103746999
489.92877585690985 0.12997143708035508
492.1911046438672 0.1384320175438596
494.0763786329984 0.12362600173272664
495.39607042539023 0.1024745505739657
496.5272348188689 0.08132309941520455
497.6583992123476 0.06017164825644339
499.73220060039193 0.03478990686593009
501.9945293873493 0.024214181286549508
504.2568581743067 0.022099036170673436
506.330659562351 0.019983891054797143
509.535625343874 0.024214181286549508
512.1750089286576 0.024214181286549508
514.6258651145281 0.03902019709768223
516.5111391036593 0.05805650314056732
518.5849404917036 0.0770928091834524
520.6587418797479 0.09612911522633727
522.355488469966 0.11093513103746999
523.8637076612708 0.1193957115009745
525.3719268525758 0.11728056638509843
526.6916186449675 0.1024745505739657
528.1998378362725 0.08555338964695691
529.5195296286644 0.07074737383582397
531.0277488199692 0.053826212908815174
532.7244954101874 0.043250487329434595
534.6097693993186 0.032674761750054016
538.568844776494 0.02632932640242558
543.0935023504088 0.02632932640242558
546.2984681319317 0.02632932640242558
549.4563020637265 0.026035556247442804
553.5148780125505 0.026035556247442804
557.3116103517731 0.026035556247442804
560.322811862191 0.02750440702235646
563.4649351774095 0.028973257797270557
566.4761366878274 0.03778636244675426
568.8327291742413 0.049537168646066165
570.5347126366514 0.06128797484537807
572.6294615134639 0.08332073646908733
573.8077577566708 0.10241579654296906
575.3788194142801 0.1171043042921085
577.7354119006941 0.1288551104914204
579.6992389727058 0.13473051359107613
581.6630660447174 0.1479501705653019
582.9722840927252 0.16704523063918342
583.626893116729 0.1890779922628929
584.6742675551352 0.22433041086082817
585.3288765791391 0.2801467403075588
586.1144074079436 0.355058129828171
586.2453292127445 0.41821871314947157
586.8999382367483 0.4960678042199117
587.5545472607523 0.5886054030394915
587.9473126751545 0.6973003603831249
588.7328435039592 0.7986510638521886
588.86376530876 0.8794378564724568
589.6492961375648 0.9323164843693595
590.6966705759709 0.9763820076167784
591.8749668191779 0.999883620015402
592.9223412575841 0.9675689029672947
593.5769502815879 0.9279099320446176
593.9697156959903 0.8853132595721127
594.4934029151934 0.826559228575554
594.6243247199941 0.7707428991288233
594.8861683295956 0.6884872557336412
595.1480119391972 0.6062316123384591
595.6716991584003 0.532789073592761
596.457229987205 0.46228423639689054
596.7190735968065 0.3726843391271386
597.5046044256112 0.310992606580752
598.6829006688182 0.23608121706013985
599.4684314976229 0.17585833528866712
601.170414960033 0.12004200584193647
604.05069466565 0.07891418414434548
608.8948014432787 0.05835027329554987
614.6553608545128 0.05541257174572212
618.4520931937353 0.05688142252063577
623.1652781665632 0.04659946709623797
628.6639939681959 0.049537168646066165
632.4607263074183 0.051006019420980264
637.1739112802462 0.048068317871152066
642.1489398626757 0.04072406399658246
647.6476556643083 0.042192914771496115
653.8009804899448 0.042192914771496115
659.2996962915773 0.04072406399658246
663.0964286307999 0.048068317871152066
665.5839429220146 0.07156993026977543
667.4168481892254 0.11122890119245277
668.3333008228308 0.1479501705653019
669.380675261237 0.18026488761340898
669.9043624804401 0.20670420156186053
671.0826587236472 0.22873696318557002
672.2609549668541 0.24636317248453765
673.4392512100611 0.25517627713402136
674.7484692580689 0.24636317248453765
675.795843696475 0.231674664735398
676.450452720479 0.21257960466151626
676.9741399396821 0.19054684303780678
677.8905925732874 0.1685140814140973
678.5452015972913 0.1464813197903878
679.1998106212952 0.11416660274228074
680.3781068645022 0.08772728879382918
681.9491685221114 0.06569452717011992
684.1748392037248 0.05688142252063577
685.745900861334 0.05247487019589392
689.0189459813535 0.04513061632132431
692.0301474917712 0.043661765546410214
695.4341144165915 0.03925521322166836
699.754533975017 0.03925521322166836
704.7295625574465 0.03778636244675426
710.228278359079 0.03778636244675426
715.8579159655123 0.03484866089692651
720.9638663527427 0.03778636244675426
724.6296768871644 0.043661765546410214
728.8191746407892 0.05541257174572212
731.4376107368047 0.0862584380189153
733.008672394414 0.1171043042921085
733.9251250280195 0.15382557366495764
734.9724994664257 0.19054684303780678
736.6744829288357 0.21698615698625812
738.3764663912459 0.231674664735398
740.0784498536559 0.231674664735398
741.1258242920621 0.21551730621134424
742.5659641448707 0.19201569381272066
743.3514949736754 0.18026488761340898
744.5297912168824 0.16704523063918342
745.83900926489 0.1685140814140973
748.3265235561048 0.18467143993815083
750.1594288233157 0.19054684303780678
751.9923340905265 0.18026488761340898
753.9561611625381 0.1597009767646136
755.789066429749 0.13619936436599
757.8838153065615 0.10976005041753889
760.2404077929754 0.08919613956874328
762.4660784745886 0.07156993026977543
765.4772799850064 0.05981912407046397
768.4884814954241 0.049537168646066165
771.7615266154436 0.04659946709623797
774.9036499306624 0.04659946709623797
777.7839296362793 0.04659946709623797
781.0569747562986 0.04513061632132431
785.9010815339274 0.04513061632132431
790.745188311556 0.04659946709623797
795.458373284384 0.049537168646066165
798.8623402092041 0.049537168646066165
801.4807763052197 0.05247487019589392
803.9682905964345 0.05394372097080802
807.110413911653 0.05688142252063577
809.5979282028678 0.05981912407046397
812.2163642988833 0.06128797484537807
815.0966440045004 0.06422567639520582
818.762454538922 0.06569452717011992
821.5118124397384 0.07450763181960363
822.6901086829453 0.0862584380189153
824.3920921453554 0.10094694576805496
825.7013101933632 0.11416660274228074
826.7486846317694 0.13179281204124815
827.6651372653748 0.14060591669073208
829.3671207277849 0.16116982753952747
830.9381823853943 0.1685140814140973
832.6401658478044 0.16557637986426932
833.9493838958122 0.1464813197903878
835.127680139019 0.13032396126633428
836.1750545774253 0.11122890119245277
837.484272625433 0.09507154266839901
838.9244124782415 0.07597648259451772
841.0191613550539 0.06275682562029172
843.6375974510695 0.05394372097080802
846.2560335470849 0.05247487019589392
848.3507824238974 0.05247487019589392
851.2310621295145 0.06128797484537807
854.5041072495338 0.07156993026977543
856.8606997359478 0.07744533336943138
859.3482140271626 0.07450763181960363
861.8357283183773 0.06275682562029172
864.8469298287952 0.05688142252063577
868.3818185584161 0.05688142252063577
870.6074892400293 0.06716337794503358
873.0950035312441 0.06716337794503358
875.9752832368611 0.07156993026977543
878.7246411376774 0.07303878104468953
880.9503118192905 0.07597648259451772
883.4378261105053 0.07010107949486177
886.0562622065208 0.07010107949486177
888.5437764977356 0.05981912407046397
892.2095870321572 0.05981912407046397
894.4352577137704 0.05835027329554987
897.0536938097858 0.05981912407046397
899.5412081010006 0.06716337794503358
