#Distance MM/MM-QUBEKit	MM/MM-QUBEKit(MK)	QM/MM (Solvated)	CAM-B3LYP/6-31G*
1.3 -34.8451 -21.554 -37.16 17.4054
1.35 -41.9758 -30.048 -44.937 1.2552
1.4 -46.8238 -35.795 -50.289 -12.0081
1.45 -49.8345 -39.551 -53.674 -22.3844
1.5 -51.5978 -41.864 -55.716 -30.585
1.55 -52.4653 -43.135 -56.789 -37.1121
1.6 -52.6399 -43.651 -57.102 -41.9655
1.65 -52.3329 -43.627 -56.885 -45.6056
1.7 -51.6771 -43.218 -56.279 -48.1997
1.75 -50.7499 -42.539 -55.368 -49.9988
1.8 -49.667 -41.673 -54.278 -51.0866
1.85 -48.4644 -40.683 -53.047 -51.6306
1.9 -47.1593 -39.615 -51.697 -51.7142
1.95 -45.8316 -38.502 -50.312 -51.4214
2 -44.4819 -37.369 -48.896 -50.8356
2.05 -43.1018 -36.233 -47.44 -49.9988
2.1 -41.7579 -35.108 -46.017 -49.0365
2.15 -40.4339 -34.003 -44.609 -47.9486
2.2 -39.1117 -32.923 -43.198 -46.7353
2.25 -37.8547 -31.874 -41.853 -45.4801
2.3 -36.6277 -30.858 -40.536 -44.2249
2.35 -35.4396 -29.877 -39.258 -42.9278
2.4 -34.2698 -28.932 -37.997 -41.6308